1.0020991563796997
0.9977770447731018
0.9850015640258789
0.9808834791183472
0.978431224822998
0.9771860837936401
0.9742531776428223
0.9693198800086975
0.9667299389839172
0.9620019197463989
0.9595963954925537
0.9564487934112549
0.9539278745651245
0.9508625864982605
0.9487290382385254
0.9456204175949097
0.9412839412689209
0.9381933808326721
0.9351961612701416
0.9313673973083496
0.928824245929718
0.9254183769226074
0.9208506941795349
0.9188154339790344
0.9151433706283569
0.9107385873794556
0.9077690243721008
0.9039286971092224
0.8995973467826843
0.8973537087440491
0.8918018341064453
0.8889027833938599
0.8849748969078064
0.881911039352417
0.8785034418106079
0.8752778768539429
0.8707934021949768
0.8677747845649719
0.8660882711410522
0.8603877425193787
0.8564452528953552
0.8530719876289368
0.8501298427581787
0.8462201356887817
0.8429999351501465
0.8398873805999756
0.8356263041496277
0.832245409488678
0.8283130526542664
0.8249397277832031
0.8215097188949585
0.8178683519363403
0.8149837255477905
0.8110125660896301
0.8089765310287476
0.80393385887146
0.8010988235473633
0.7985222339630127
0.794142484664917
0.7911850214004517
0.7877733707427979
0.784935474395752
0.7811729907989502
0.7770434021949768
0.7735369205474854
0.7709152102470398
0.7670055031776428
0.7631767392158508
0.7602054476737976
0.7565617561340332
0.7532982230186462
0.7498721480369568
0.7472434639930725
0.7435025572776794
0.7401277422904968
0.7373159527778625
0.7335686087608337
0.7305657863616943
0.7270582914352417
0.7242242097854614
0.720512866973877
0.7171540856361389
0.714392364025116
0.7109057903289795
0.7079542875289917
0.704568088054657
0.7017859220504761
0.6990904808044434
0.6955751776695251
0.6922104358673096
0.6894384622573853
0.6860126256942749
0.6828609704971313
0.6799209713935852
0.6769291758537292
0.6732814311981201
0.670745849609375
0.6675952672958374
0.6645768880844116
0.6617793440818787
